1.0, 2.0, -0.7852742257592075
1.0294664338708333, 1.9705408692245183, -0.7852742257592075
1.0589328677416665, 1.941081738449037, -0.7852742257592075
1.0883993016124998, 1.9116226076735554, -0.7852742257592075
1.117865735483333, 1.8821634768980737, -0.7852742257592075
1.1473321693541663, 1.8527043461225923, -0.7852742257592075
1.1767986032249993, 1.8232452153471108, -0.7852742257592075
1.2062650370958325, 1.7937860845716291, -0.7852742257592075
1.2357314709666658, 1.7643269537961477, -0.7852742257592075
1.2651979048374988, 1.734867823020666, -0.7852742257592075
1.294664338708332, 1.7054086922451845, -0.7852742257592075
1.3241307725791653, 1.6759495614697029, -0.7852742257592075
1.3535972064499986, 1.6464904306942214, -0.7852742257592075
1.3830636403208318, 1.61703129991874, -0.7852742257592075
1.412530074191665, 1.5875721691432583, -0.7852742257592075
1.4419965080624984, 1.5581130383677768, -0.7852742257592075
1.4714629419333314, 1.5286539075922951, -0.7852742257592075
1.5009293758041646, 1.4991947768168137, -0.7852742257592075
1.5303958096749979, 1.469735646041332, -0.7852742257592075
1.5598622435458311, 1.4402765152658505, -0.7852742257592075
1.5893286774166644, 1.410817384490369, -0.7852742257592075
1.6187951112874974, 1.3813582537148874, -0.7852742257592075
1.6482615451583307, 1.351899122939406, -0.7852742257592075
1.677727979029164, 1.3224399921639243, -0.7852742257592075
1.7071944128999972, 1.2929808613884428, -0.7852742257592075
1.7071944128999972, 1.2929808613884428, 0.6109865248375689
1.740274447819373, 1.3161497310047654, 0.6109865248375689
1.773354482738748, 1.3393186006210875, 0.6109865248375689
1.806434517658123, 1.3624874702374097, 0.6109865248375689
1.8395145525774979, 1.3856563398537318, 0.6109865248375689
1.8725945874968728, 1.4088252094700544, 0.6109865248375689
1.9056746224162477, 1.4319940790863765, 0.6109865248375689
1.9387546573356227, 1.4551629487026987, 0.6109865248375689
1.9718346922549976, 1.4783318183190208, 0.6109865248375689
2.0049147271743726, 1.501500687935343, 0.6109865248375689
2.0379947620937475, 1.5246695575516656, 0.6109865248375689
2.0710747970131225, 1.5478384271679877, 0.6109865248375689
2.1041548319324974, 1.5710072967843098, 0.6109865248375689
2.1372348668518732, 1.594176166400632, 0.6109865248375689
2.170314901771248, 1.6173450360169541, 0.6109865248375689
2.203394936690623, 1.6405139056332767, 0.6109865248375689
2.236474971609998, 1.6636827752495988, 0.6109865248375689
2.269555006529373, 1.686851644865921, 0.6109865248375689
2.302635041448748, 1.7100205144822431, 0.6109865248375689
2.335715076368123, 1.7331893840985653, 0.6109865248375689
2.368795111287498, 1.7563582537148879, 0.6109865248375689
2.401875146206873, 1.77952712333121, 0.6109865248375689
2.4349551811262478, 1.8026959929475321, 0.6109865248375689
2.4680352160456227, 1.8258648625638543, 0.6109865248375689
2.5011152509649976, 1.8490337321801764, 0.6109865248375689
2.5341952858843726, 1.872202601796499, 0.6109865248375689
2.5672753208037484, 1.8953714714128211, 0.6109865248375689
2.6003553557231234, 1.9185403410291433, 0.6109865248375689
2.6334353906424983, 1.9417092106454654, 0.6109865248375689
2.6665154255618733, 1.9648780802617876, 0.6109865248375689
2.699595460481248, 1.9880469498781101, 0.6109865248375689
2.732675495400623, 2.0112158194944323, 0.6109865248375689
2.765755530319998, 2.0343846891107544, 0.6109865248375689
2.798835565239373, 2.0575535587270766, 0.6109865248375689
2.831915600158748, 2.0807224283433987, 0.6109865248375689
2.864995635078123, 2.1038912979597213, 0.6109865248375689
2.898075669997498, 2.1270601675760434, 0.6109865248375689
2.931155704916873, 2.1502290371923656, 0.6109865248375689
2.9642357398362478, 2.1733979068086877, 0.6109865248375689
2.9973157747556236, 2.19656677642501, 0.6109865248375689
3.030395809674998, 2.2197356460413324, 0.6109865248375689
3.063475844594373, 2.2429045156576546, 0.6109865248375689
3.0965558795137484, 2.2660733852739767, 0.6109865248375689
3.1296359144331234, 2.289242254890299, 0.6109865248375689
3.1627159493524983, 2.312411124506621, 0.6109865248375689
3.1957959842718733, 2.3355799941229436, 0.6109865248375689
3.2288760191912482, 2.3587488637392657, 0.6109865248375689
3.261956054110623, 2.381917733355588, 0.6109865248375689
3.295036089029998, 2.40508660297191, 0.6109865248375689
3.3281161239493735, 2.428255472588232, 0.6109865248375689
3.3611961588687485, 2.4514243422045547, 0.6109865248375689
3.3942761937881234, 2.474593211820877, 0.6109865248375689
3.4273562287074983, 2.497762081437199, 0.6109865248375689
3.4604362636268733, 2.520930951053521, 0.6109865248375689
3.4935162985462482, 2.5440998206698433, 0.6109865248375689
3.5265963334656236, 2.567268690286166, 0.6109865248375689
3.5596763683849986, 2.590437559902488, 0.6109865248375689
3.5927564033043735, 2.61360642951881, 0.6109865248375689
3.6258364382237485, 2.6367752991351323, 0.6109865248375689
3.6589164731431234, 2.6599441687514545, 0.6109865248375689
3.6919965080624984, 2.683113038367777, 0.6109865248375689
3.7250765429818737, 2.706281907984099, 0.6109865248375689
3.7581565779012487, 2.7294507776004213, 0.6109865248375689
3.7912366128206236, 2.7526196472167435, 0.6109865248375689
3.8243166477399986, 2.7757885168330656, 0.6109865248375689
3.8573966826593735, 2.798957386449388, 0.6109865248375689
3.8904767175787485, 2.8221262560657103, 0.6109865248375689
3.9235567524981234, 2.8452951256820325, 0.6109865248375689
3.956636787417499, 2.8684639952983546, 0.6109865248375689
3.9897168223368737, 2.891632864914677, 0.6109865248375689
4.022796857256249, 2.9148017345309993, 0.6109865248375689
4.055876892175624, 2.9379706041473215, 0.6109865248375689
4.088956927094999, 2.9611394737636436, 0.6109865248375689
4.1220369620143735, 2.9843083433799658, 0.6109865248375689
4.155116996933749, 3.007477212996288, 0.6109865248375689
4.188197031853123, 3.03064608261261, 0.6109865248375689
4.221277066772499, 3.0538149522289326, 0.6109865248375689
4.254357101691873, 3.0769838218452548, 0.6109865248375689
4.287437136611249, 3.1001526914615773, 0.6109865248375689
4.320517171530623, 3.1233215610778995, 0.6109865248375689
4.353597206449999, 3.1464904306942216, 0.6109865248375689
4.386677241369374, 3.1696593003105438, 0.6109865248375689
4.419757276288749, 3.192828169926866, 0.6109865248375689
4.452837311208124, 3.215997039543188, 0.6109865248375689
4.485917346127499, 3.23916590915951, 0.6109865248375689
4.518997381046874, 3.2623347787758328, 0.6109865248375689
4.552077415966249, 3.285503648392155, 0.6109865248375689
4.5851574508856245, 3.308672518008477, 0.6109865248375689
4.618237485804999, 3.3318413876247996, 0.6109865248375689
4.651317520724374, 3.355010257241122, 0.6109865248375689
4.6843975556437485, 3.378179126857444, 0.6109865248375689
4.717477590563124, 3.401347996473766, 0.6109865248375689
4.750557625482498, 3.424516866090088, 0.6109865248375689
4.783637660401874, 3.4476857357064103, 0.6109865248375689
4.816717695321249, 3.4708546053227325, 0.6109865248375689
4.849797730240624, 3.494023474939055, 0.6109865248375689
4.882877765159999, 3.517192344555377, 0.6109865248375689
4.915957800079374, 3.5403612141716994, 0.6109865248375689
4.949037834998749, 3.563530083788022, 0.6109865248375689
4.982117869918124, 3.586698953404344, 0.6109865248375689
5.015197904837499, 3.6098678230206662, 0.6109865248375689
5.048277939756874, 3.6330366926369884, 0.6109865248375689
5.08135797467625, 3.6562055622533105, 0.6109865248375689
5.114438009595624, 3.6793744318696326, 0.6109865248375689
5.1475180445149995, 3.702543301485955, 0.6109865248375689
5.1805980794343744, 3.7257121711022774, 0.6109865248375689
5.213678114353749, 3.7488810407185995, 0.6109865248375689
5.246758149273124, 3.7720499103349217, 0.6109865248375689
5.279838184192499, 3.7952187799512442, 0.6109865248375689
5.312918219111874, 3.8183876495675664, 0.6109865248375689
5.345998254031249, 3.8415565191838885, 0.6109865248375689
5.379078288950624, 3.8647253888002107, 0.6109865248375689
5.412158323869999, 3.887894258416533, 0.6109865248375689
5.445238358789374, 3.911063128032855, 0.6109865248375689
5.478318393708749, 3.934231997649177, 0.6109865248375689
5.511398428628125, 3.9574008672654997, 0.6109865248375689
5.544478463547499, 3.980569736881822, 0.6109865248375689
5.577558498466875, 4.003738606498144, 0.6109865248375689
5.61063853338625, 4.0269074761144665, 0.6109865248375689
5.643718568305625, 4.050076345730789, 0.6109865248375689
5.6767986032249995, 4.073245215347111, 0.6109865248375689
5.7098786381443745, 4.096414084963433, 0.6109865248375689
5.742958673063749, 4.119582954579755, 0.6109865248375689
5.776038707983124, 4.142751824196077, 0.6109865248375689
5.809118742902499, 4.165920693812399, 0.6109865248375689
5.842198777821874, 4.1890895634287215, 0.6109865248375689
5.875278812741249, 4.212258433045044, 0.6109865248375689
5.908358847660624, 4.235427302661367, 0.6109865248375689
5.94143888258, 4.258596172277689, 0.6109865248375689
5.974518917499374, 4.281765041894011, 0.6109865248375689
6.00759895241875, 4.304933911510333, 0.6109865248375689
6.040678987338125, 4.328102781126655, 0.6109865248375689
6.0737590222575, 4.351271650742977, 0.6109865248375689
6.106839057176875, 4.3744405203592995, 0.6109865248375689
6.13991909209625, 4.397609389975622, 0.6109865248375689
6.172999127015625, 4.420778259591945, 0.6109865248375689
6.2060791619349995, 4.443947129208267, 0.6109865248375689
6.2391591968543745, 4.467115998824589, 0.6109865248375689
6.272239231773749, 4.490284868440911, 0.6109865248375689
6.305319266693124, 4.513453738057233, 0.6109865248375689
6.338399301612499, 4.536622607673555, 0.6109865248375689
6.371479336531875, 4.5597914772898775, 0.6109865248375689
6.40455937145125, 4.5829603469062, 0.6109865248375689
6.437639406370625, 4.606129216522522, 0.6109865248375689
6.47071944129, 4.629298086138844, 0.6109865248375689
6.503799476209375, 4.652466955755166, 0.6109865248375689
6.53687951112875, 4.675635825371489, 0.6109865248375689
6.569959546048125, 4.698804694987811, 0.6109865248375689
6.6030395809675, 4.721973564604133, 0.6109865248375689
6.636119615886875, 4.745142434220456, 0.6109865248375689
6.66919965080625, 4.768311303836778, 0.6109865248375689
6.702279685725625, 4.7914801734531, 0.6109865248375689
6.7353597206449995, 4.814649043069422, 0.6109865248375689
6.7684397555643745, 4.837817912685744, 0.6109865248375689
6.80151979048375, 4.860986782302066, 0.6109865248375689
6.834599825403125, 4.884155651918389, 0.6109865248375689
6.8676798603225, 4.907324521534711, 0.6109865248375689
6.900759895241875, 4.930493391151034, 0.6109865248375689
6.93383993016125, 4.953662260767356, 0.6109865248375689
6.966919965080625, 4.976831130383678, 0.6109865248375689
7.0, 5.0, 0.6109865248375689
